<?xml version="1.0" encoding="utf-8"?>
<!-- Generator: Adobe Illustrator 27.0.1, SVG Export Plug-In . SVG Version: 6.00 Build 0)  -->
<svg version="1.1" id="Слой_1" xmlns="http://www.w3.org/2000/svg" xmlns:xlink="http://www.w3.org/1999/xlink" x="0px" y="0px"
	 width="174.3px" height="58.8px" viewBox="0 0 174.3 58.8" style="enable-background:new 0 0 174.3 58.8;" xml:space="preserve">
<path d="M89.6,13.8c0,0,0.1,0,0.1,0C89.7,13.8,89.7,13.8,89.6,13.8L89.6,13.8z"/>
<path d="M172.2,36.9c-16.6,0.3-33.2,0-49.1,6.5c-8.8,3.6-17.6,7.1-26.6,10.1c-9,3.1-18.2,5.3-27.9,3.2C45.8,51.9,24.9,42.8,5.8,29.6
	c-5.3-3.7-5.4-5.4,0.2-8.9c7.1-4.5,14.9-7.5,22.6-10.4C48.5,2.8,68.7-1.5,90.1,4.1c12.2,3.2,23,9.7,34.9,13.5
	c3.8,1.2,7.5,2.5,11.2,3.8c-0.1,0-0.2,0-0.3,0c1.3,0.3,2.3,1.2,3.3,2.1c10,1,20,1.5,30,1.9c1.6,0.1,3.9,0.9,5.1-1.6
	c-27.5-0.7-36.8-2.4-57.2-10.9c-9.2-3.8-18.2-8.4-28-10.6C57.8-4.9,30.1,5.7,3.5,20.7c-5,2.8-4.5,5.9,0.6,9.6
	C19.4,41.5,36.6,49,54.5,55.1c15.9,5.4,31.4,5.2,47.1-1.8c18.2-8,37-14.1,57.2-14.8c5-0.2,10,0,15.2,0
	C173.6,36.8,172.8,36.9,172.2,36.9z"/>
<path d="M87.7,16.3c1.9-1.2,3.9-0.5,5.8-0.3c8.3,1,16.5,2.1,24.7,3.3c6.6,0.9,13,2.2,19.5,3.6c-1.3,0.5-2.5,1.1-3.8,0.9
	C118.6,19.7,103.1,18.5,87.7,16.3z"/>
<path d="M173.7,35.6c-9.7,0-19.4-0.2-29.2,0c-15.8,0.4-31.5,2-47.1,4.6c-19,3.1-50.6,0.1-70.7-6.7c4.2-0.2,7.4,1,10.6,1.8
	c21.4,5.3,43.1,6.5,64.9,3.1c19.3-3,38.7-4.3,58.1-4.6c4.5-0.1,9-1.3,13.4,0C173.7,34.5,173.7,35.1,173.7,35.6z"/>
<path d="M172.8,30.4c-28.3,1.8-56.5,2.2-84.7,1.3C116.3,31.9,144.6,30.9,172.8,30.4z"/>
<path d="M13.7,26.3c21.9,1.5,43.7,3.6,65.5,4.8C57.3,30.6,35.5,29.3,13.7,26.3z"/>
<path d="M140.5,27.3c-16.2-0.5-32.1-3.7-48.2-4.5C108.3,24.6,124.2,28,140.5,27.3z"/>
<path d="M89.6,13.8c-6.2,0.2-12.1-1.7-18.2-2.3c-8.4-0.9-16.9-0.6-25.3,0.6c9.5-3,27.7-2.2,43.4,1.8C89.6,13.8,89.6,13.8,89.6,13.8z
	"/>
<path d="M87,48.6c-11.9,3-23.9,1.6-35.9-0.9C63,48.7,74.9,50.4,87,48.6z"/>
<path d="M30.5,18.7c10.2,0,20.4,0,30.5,0C50.8,18.7,40.6,19,30.5,18.7z"/>
<path d="M172,28.1c-8.7,0-17.4,0-26.1,0c0-0.2,0-0.4,0-0.6c8.7,0,17.4,0,26.2,0C172.1,27.7,172,27.9,172,28.1z"/>
<g style="stroke:none;fill:#000;fill-opacity:0.40"><path d="m 113.9,50.6 v 2.48 h -0.77 v -6.44 h 0.77 v 0.71 q 0.24,-0.42 0.61,-0.62 0.37,-0.20 0.88,-0.20 0.85,0 1.38,0.68 0.53,0.68 0.53,1.77 0,1.10 -0.53,1.77 -0.53,0.68 -1.38,0.68 -0.51,0 -0.88,-0.20 -0.37,-0.20 -0.61,-0.62 z m 2.61,-1.63 q 0,-0.85 -0.35,-1.32 -0.35,-0.48 -0.95,-0.48 -0.61,0 -0.96,0.48 -0.35,0.48 -0.35,1.32 0,0.85 0.35,1.33 0.35,0.48 0.96,0.48 0.61,0 0.95,-0.48 0.35,-0.48 0.35,-1.33 z"/><path d="m 122.6,48.8 v 0.38 h -3.52 q 0.05,0.79 0.47,1.21 0.43,0.41 1.19,0.41 0.44,0 0.85,-0.11 0.42,-0.11 0.82,-0.33 v 0.72 q -0.41,0.17 -0.85,0.27 -0.43,0.09 -0.88,0.09 -1.12,0 -1.77,-0.65 -0.65,-0.65 -0.65,-1.76 0,-1.15 0.62,-1.82 0.62,-0.68 1.67,-0.68 0.94,0 1.49,0.61 0.55,0.60 0.55,1.65 z m -0.77,-0.23 q -0.01,-0.63 -0.35,-1.00 -0.34,-0.38 -0.91,-0.38 -0.64,0 -1.03,0.36 -0.38,0.36 -0.44,1.02 z"/><path d="m 127.3,50.7 h 1.98 v -4.05 h 0.77 v 4.67 h -6.26 v -4.67 h 0.77 v 4.05 h 1.97 v -4.05 h 0.77 z"/><path d="m 133.6,51.8 q -0.33,0.83 -0.63,1.09 -0.31,0.25 -0.82,0.25 h -0.61 v -0.64 h 0.45 q 0.32,0 0.49,-0.15 0.17,-0.15 0.39,-0.71 l 0.14,-0.35 -1.89,-4.59 h 0.81 l 1.46,3.65 1.46,-3.65 h 0.81 z"/><path d="m 137.4,49.2 v 1.54 h 1.09 q 0.53,0 0.80,-0.20 0.28,-0.20 0.28,-0.57 0,-0.38 -0.28,-0.57 -0.28,-0.20 -0.80,-0.20 z m 0,-1.90 v 1.29 h 1.01 q 0.43,0 0.71,-0.17 0.28,-0.17 0.28,-0.48 0,-0.31 -0.28,-0.47 -0.28,-0.17 -0.71,-0.17 z m -0.77,-0.61 h 1.82 q 0.82,0 1.26,0.30 0.44,0.30 0.44,0.85 0,0.43 -0.23,0.68 -0.23,0.25 -0.67,0.31 0.53,0.10 0.82,0.42 0.29,0.32 0.29,0.79 0,0.62 -0.48,0.97 -0.48,0.34 -1.37,0.34 h -1.90 z"/><path d="m 145.7,46.7 v 4.67 h -0.77 v -4.05 h -2.49 v 4.05 h -0.77 v -4.67 z"/><path d="m 148.0,50.6 v 2.48 h -0.77 v -6.44 h 0.77 v 0.71 q 0.24,-0.42 0.61,-0.62 0.37,-0.20 0.88,-0.20 0.85,0 1.38,0.68 0.53,0.68 0.53,1.77 0,1.10 -0.53,1.77 -0.53,0.68 -1.38,0.68 -0.51,0 -0.88,-0.20 -0.37,-0.20 -0.61,-0.62 z m 2.61,-1.63 q 0,-0.85 -0.35,-1.32 -0.35,-0.48 -0.95,-0.48 -0.61,0 -0.96,0.48 -0.35,0.48 -0.35,1.32 0,0.85 0.35,1.33 0.35,0.48 0.96,0.48 0.61,0 0.95,-0.48 0.35,-0.48 0.35,-1.33 z"/><path d="m 152.8,50.3 h 0.88 v 1.06 h -0.88 z"/><path d="m 156.2,50.6 v 2.48 h -0.77 v -6.44 h 0.77 v 0.71 q 0.24,-0.42 0.61,-0.62 0.37,-0.20 0.88,-0.20 0.85,0 1.38,0.68 0.53,0.68 0.53,1.77 0,1.10 -0.53,1.77 -0.53,0.68 -1.38,0.68 -0.51,0 -0.88,-0.20 -0.37,-0.20 -0.61,-0.62 z m 2.61,-1.63 q 0,-0.85 -0.35,-1.32 -0.35,-0.48 -0.95,-0.48 -0.61,0 -0.96,0.48 -0.35,0.48 -0.35,1.32 0,0.85 0.35,1.33 0.35,0.48 0.96,0.48 0.61,0 0.95,-0.48 0.35,-0.48 0.35,-1.33 z"/><path d="m 161.3,49.0 q 0,0.98 0.30,1.40 0.30,0.41 0.82,0.41 0.41,0 0.88,-0.70 v -2.22 q -0.47,-0.70 -0.88,-0.70 -0.51,0 -0.82,0.42 -0.30,0.41 -0.30,1.39 z m 2,4.10 v -2.37 q -0.24,0.39 -0.51,0.55 -0.27,0.16 -0.62,0.16 -0.70,0 -1.18,-0.64 -0.48,-0.65 -0.48,-1.79 0,-1.15 0.48,-1.80 0.49,-0.66 1.18,-0.66 0.35,0 0.62,0.16 0.28,0.16 0.51,0.55 v -2.15 h 0.77 v 2.15 q 0.24,-0.39 0.51,-0.55 0.28,-0.16 0.62,-0.16 0.70,0 1.18,0.66 0.49,0.66 0.49,1.80 0,1.15 -0.49,1.79 -0.48,0.64 -1.18,0.64 -0.35,0 -0.62,-0.16 -0.27,-0.16 -0.51,-0.55 v 2.37 z m 2.77,-4.10 q 0,-0.98 -0.30,-1.39 -0.30,-0.42 -0.81,-0.42 -0.41,0 -0.88,0.70 v 2.22 q 0.47,0.70 0.88,0.70 0.51,0 0.81,-0.41 0.30,-0.42 0.30,-1.40 z"/></g></svg>

<!--File created and owned by https://sdamgia.ru. Copying is prohibited. All rights reserved.-->
