<?xml version="1.0" encoding="utf-8"?>
<!-- Generator: Adobe Illustrator 27.0.1, SVG Export Plug-In . SVG Version: 6.00 Build 0)  -->
<svg version="1.1" id="Слой_1" xmlns="http://www.w3.org/2000/svg" xmlns:xlink="http://www.w3.org/1999/xlink" x="0px" y="0px"
	 width="88.8834px" height="127.6025px" viewBox="0 0 88.8834 127.6025" enable-background="new 0 0 88.8834 127.6025"
	 xml:space="preserve">
<path d="M88.8817,8.346c-0.6145-1.4623-1.3807-2.882-2.3113-4.2484c0.002,0.7853,0.0053,1.5659,0.0053,2.3578
	c-6.9922-5.1185-13.5876-8.9937-21.8521-4.4288c0.697,2.2875,2.4723,1.6639,3.8011,1.8492
	c8.3678,1.1674,13.4448,9.3275,10.7715,17.3963c-3.7483,11.3137-16.9327,18.437-28.5066,15.2621
	c-10.0939-2.7689-19.7025-7.2322-30.2827-8.3314C13.8973,27.5163,7.3302,26.737,0,28.0408c1.7794,1.4909,3.454,1.7281,4.9129,1.6593
	c15.9949-0.7551,30.885,3.6802,45.7856,8.8503c12.5304,4.3477,27.5074-4.2081,31.4948-16.8685
	c0.7853-2.4938-0.275-4.9237,0.3188-7.373c5.116,2.3591,4.9847,4.4022,1.7134,8.8928c-2.0511,2.8156-2.5956,6.9406-3.096,10.5771
	c-0.2228,1.6198-0.6085,2.7573-1.5868,3.9035c-1.7897,2.0968-4.3486,4.4627-6.5676,4.0602
	c-3.1347-0.5687-4.1203,1.6714-6.1294,2.4626c-2.3329,0.9188-4.9995,0.9901-8.6931,1.6334
	c2.2115-2.6824,4.8558-1.4396,6.5273-3.7659c-7.9762,1.2188-15.1571-0.6616-23.5826-2.214
	c10.8592,13.5315,7.5654,28.3792,7.3541,42.6347c-0.0983,6.6378,0.4271,12.5909,5.5914,17.3071
	c2.1458,1.9595,2.8406,4.2786,2.3065,7.2138c-0.7444,4.0911-1.1149,8.2495-1.6768,12.3748
	c-0.2546,1.8691-1.177,2.6114-3.1063,1.8533c-1.9612-0.7706-0.7781-1.5484-0.2737-2.6252
	c2.543-5.4297,0.5155-12.7432-4.1422-16.4195c-3.7087-2.9274-7.9258-4.9975-12.0787-7.0172
	c-8.1888-3.9824-13.7655-10.2275-18.0754-18.0208c-2.9343-5.306-6.6602-10.0325-12.6416-12.2645
	c-1.3304-0.4965-2.748-1.3274-4.2654-0.4265c0,0.3479-0.0695,0.8934,0.0099,0.9161C8.5438,67.7888,12.9405,74.4261,16.8438,81.5
	c3.9324,7.1266,9.5641,12.2402,17.0275,15.511c4.1118,1.8019,8.1765,3.8004,11.7606,6.5723
	c5.5906,4.3236,5.7648,11.0095,0.5048,15.7312c-0.7304,0.6556-1.6179,1.3637-1.915,2.2258c-0.575,1.669-2.266,3.402-1.2138,5.1046
	c0.9777,1.582,3.0312,0.7475,4.6534,0.6591c7.3546-0.4008,8.1277-0.9477,9.3309-8.1975c0.7894-4.7564,1.2006-9.5778,1.7114-14.3774
	c0.2923-2.7465-1.0902-4.7767-3.0542-6.5131c-4.8189-4.2602-5.9647-9.5972-5.2065-15.8284
	c0.9436-7.7557,1.7472-15.5696,1.8502-23.3685c0.0482-3.6399-1.6934-7.3035-2.5767-10.7711
	c14.7324,2.3792,27.5995,0.2436,36.8426-13.9661c0,1.0428-0.0001,1.9716-0.0001,2.8359c0.8848-1.9593,1.6694-3.9706,2.3179-6.0106
	C88.8834,23.5201,88.8851,15.933,88.8817,8.346z"/>
<g>
</g>
<g>
</g>
<g>
</g>
<g>
</g>
<g>
</g>
<g>
</g>
<g>
</g>
<g>
</g>
<g>
</g>
<g>
</g>
<g>
</g>
<g>
</g>
<g>
</g>
<g>
</g>
<g>
</g>
<g style="stroke:none;fill:#000;fill-opacity:0.40"><path d="m 28.5,119.4 v 2.48 h -0.77 v -6.44 h 0.77 v 0.71 q 0.24,-0.42 0.61,-0.62 0.37,-0.20 0.88,-0.20 0.85,0 1.38,0.68 0.53,0.68 0.53,1.77 0,1.10 -0.53,1.77 -0.53,0.68 -1.38,0.68 -0.51,0 -0.88,-0.20 -0.37,-0.20 -0.61,-0.62 z m 2.61,-1.63 q 0,-0.85 -0.35,-1.32 -0.35,-0.48 -0.95,-0.48 -0.61,0 -0.96,0.48 -0.35,0.48 -0.35,1.32 0,0.85 0.35,1.33 0.35,0.48 0.96,0.48 0.61,0 0.95,-0.48 0.35,-0.48 0.35,-1.33 z"/><path d="m 37.2,117.6 v 0.38 h -3.52 q 0.05,0.79 0.47,1.21 0.43,0.41 1.19,0.41 0.44,0 0.85,-0.11 0.42,-0.11 0.82,-0.33 v 0.72 q -0.41,0.17 -0.85,0.27 -0.43,0.09 -0.88,0.09 -1.12,0 -1.77,-0.65 -0.65,-0.65 -0.65,-1.76 0,-1.15 0.62,-1.82 0.62,-0.68 1.67,-0.68 0.94,0 1.49,0.61 0.55,0.60 0.55,1.65 z m -0.77,-0.23 q -0.01,-0.63 -0.35,-1.00 -0.34,-0.38 -0.91,-0.38 -0.64,0 -1.03,0.36 -0.38,0.36 -0.44,1.02 z"/><path d="m 41.9,119.5 h 1.98 v -4.05 h 0.77 v 4.67 h -6.26 v -4.67 h 0.77 v 4.05 h 1.97 v -4.05 h 0.77 z"/><path d="m 48.2,120.6 q -0.33,0.83 -0.63,1.09 -0.31,0.25 -0.82,0.25 h -0.61 v -0.64 h 0.45 q 0.32,0 0.49,-0.15 0.17,-0.15 0.39,-0.71 l 0.14,-0.35 -1.89,-4.59 h 0.81 l 1.46,3.65 1.46,-3.65 h 0.81 z"/><path d="m 52.0,118.0 v 1.54 h 1.09 q 0.53,0 0.80,-0.20 0.28,-0.20 0.28,-0.57 0,-0.38 -0.28,-0.57 -0.28,-0.20 -0.80,-0.20 z m 0,-1.90 v 1.29 h 1.01 q 0.43,0 0.71,-0.17 0.28,-0.17 0.28,-0.48 0,-0.31 -0.28,-0.47 -0.28,-0.17 -0.71,-0.17 z m -0.77,-0.61 h 1.82 q 0.82,0 1.26,0.30 0.44,0.30 0.44,0.85 0,0.43 -0.23,0.68 -0.23,0.25 -0.67,0.31 0.53,0.10 0.82,0.42 0.29,0.32 0.29,0.79 0,0.62 -0.48,0.97 -0.48,0.34 -1.37,0.34 h -1.90 z"/><path d="m 60.3,115.5 v 4.67 h -0.77 v -4.05 h -2.49 v 4.05 h -0.77 v -4.67 z"/><path d="m 62.6,119.4 v 2.48 h -0.77 v -6.44 h 0.77 v 0.71 q 0.24,-0.42 0.61,-0.62 0.37,-0.20 0.88,-0.20 0.85,0 1.38,0.68 0.53,0.68 0.53,1.77 0,1.10 -0.53,1.77 -0.53,0.68 -1.38,0.68 -0.51,0 -0.88,-0.20 -0.37,-0.20 -0.61,-0.62 z m 2.61,-1.63 q 0,-0.85 -0.35,-1.32 -0.35,-0.48 -0.95,-0.48 -0.61,0 -0.96,0.48 -0.35,0.48 -0.35,1.32 0,0.85 0.35,1.33 0.35,0.48 0.96,0.48 0.61,0 0.95,-0.48 0.35,-0.48 0.35,-1.33 z"/><path d="m 67.4,119.1 h 0.88 v 1.06 h -0.88 z"/><path d="m 70.8,119.4 v 2.48 h -0.77 v -6.44 h 0.77 v 0.71 q 0.24,-0.42 0.61,-0.62 0.37,-0.20 0.88,-0.20 0.85,0 1.38,0.68 0.53,0.68 0.53,1.77 0,1.10 -0.53,1.77 -0.53,0.68 -1.38,0.68 -0.51,0 -0.88,-0.20 -0.37,-0.20 -0.61,-0.62 z m 2.61,-1.63 q 0,-0.85 -0.35,-1.32 -0.35,-0.48 -0.95,-0.48 -0.61,0 -0.96,0.48 -0.35,0.48 -0.35,1.32 0,0.85 0.35,1.33 0.35,0.48 0.96,0.48 0.61,0 0.95,-0.48 0.35,-0.48 0.35,-1.33 z"/><path d="m 75.9,117.8 q 0,0.98 0.30,1.40 0.30,0.41 0.82,0.41 0.41,0 0.88,-0.70 v -2.22 q -0.47,-0.70 -0.88,-0.70 -0.51,0 -0.82,0.42 -0.30,0.41 -0.30,1.39 z m 2,4.10 v -2.37 q -0.24,0.39 -0.51,0.55 -0.27,0.16 -0.62,0.16 -0.70,0 -1.18,-0.64 -0.48,-0.65 -0.48,-1.79 0,-1.15 0.48,-1.80 0.49,-0.66 1.18,-0.66 0.35,0 0.62,0.16 0.28,0.16 0.51,0.55 v -2.15 h 0.77 v 2.15 q 0.24,-0.39 0.51,-0.55 0.28,-0.16 0.62,-0.16 0.70,0 1.18,0.66 0.49,0.66 0.49,1.80 0,1.15 -0.49,1.79 -0.48,0.64 -1.18,0.64 -0.35,0 -0.62,-0.16 -0.27,-0.16 -0.51,-0.55 v 2.37 z m 2.77,-4.10 q 0,-0.98 -0.30,-1.39 -0.30,-0.42 -0.81,-0.42 -0.41,0 -0.88,0.70 v 2.22 q 0.47,0.70 0.88,0.70 0.51,0 0.81,-0.41 0.30,-0.42 0.30,-1.40 z"/></g></svg>

<!--File created and owned by https://sdamgia.ru. Copying is prohibited. All rights reserved.-->
