<?xml version="1.0" encoding="utf-8"?>
<!-- Generator: Adobe Illustrator 27.0.1, SVG Export Plug-In . SVG Version: 6.00 Build 0)  -->
<svg version="1.1" id="Слой_1" xmlns="http://www.w3.org/2000/svg" xmlns:xlink="http://www.w3.org/1999/xlink" x="0px" y="0px"
	 width="57.5624px" height="111.0309px" viewBox="0 0 57.5624 111.0309" enable-background="new 0 0 57.5624 111.0309"
	 xml:space="preserve">
<path d="M1.9412,42.3272c4.2056,0.7891,5.1996,2.8501,6.0153,4.7442c4.6926,10.8961,12.803,18.8951,21.7315,26.28
	c3.2012,2.6478,6.1619,5.5914,9.1767,8.4585c3.7938,3.6079,4.7274,7.8955,2.7695,12.7609c-0.9995,2.4837-1.8137,4.97-1.77,7.7152
	c0.0178,1.1155-0.81,2.3535,0.9834,2.7601c1.1363,0.2576,1.9687-0.2661,2.4885-1.2092c2.6491-4.8063,4.2247-10.0941,6.7632-14.9843
	c1.1199-2.1574-1.8965-4.944-3.5288-5.329c-6.249-1.474-7.6581-6.9284-11.1508-11.0058c2.8207-1.3673,4.0808,1.4248,6.6959,0.9862
	c-1.9675-6.4555,0.3248-12.379,2.771-18.1592c4.9917-11.7949,5.3595-23.5326,0.3908-35.3965
	c-0.4974-1.1878-0.7157-2.4924-1.3618-4.815c3.2846,1.4518,4.3345,3.4835,4.8543,5.8387c2.052,9.2974,3.6873,18.6026,1.2654,28.1338
	c-1.078,4.2422-0.5994,8.5179,0.5475,12.7288c1.9816,7.275,3.0031,14.7327,3.4252,22.3002
	c0.4152-0.0407,0.8304-0.0814,1.2455-0.1221c0-5.9182,0.4555-11.8789-0.0924-17.7459c-1.2396-13.2733,0.0509-26.6295-1.6433-39.8734
	c-1.2837-10.035-7.2226-16.1132-16.3285-19.543C27.5372,3.2145,17.3536,2.8675,7.2369,2.1086
	C4.8153,1.9269,2.254,2.6768,0.029,1.2506c-0.1887-1.1009,0.583-1.2848,1.1806-1.2459c11.7642,0.767,23.6575,0.4813,35.047,4.3231
	C49.3056,8.7293,55.481,16.4961,56.4019,30.384c1.3007,19.6148,1.1658,39.2677,1.1418,58.9132
	c-0.0023,1.9163,0.4603,4.6172-3.0811,2.6483c-1.6075-0.8937-2.4162,0.4114-3.2179,1.4891c-1.92,2.5813-2.9349,5.5535-3.9168,8.5847
	c-2.16,6.6683-5.6194,9.0857-12.6169,8.9202c-1.8443-0.0436-4.5235,0.8113-4.9399-1.9606c-0.3586-2.3868,0.837-4.8368,3.2651-5.6281
	c2.7652-0.901,3.6123-2.9442,4.8404-5.1908c3.7653-6.8879,2.0045-11.9489-3.6741-17.0518
	c-6.666-5.9902-13.6829-11.613-19.7683-18.2881C9.1551,57.0295,6.8433,49.755,1.9412,42.3272z"/>
<g>
</g>
<g>
</g>
<g>
</g>
<g>
</g>
<g>
</g>
<g>
</g>
<g>
</g>
<g>
</g>
<g>
</g>
<g>
</g>
<g>
</g>
<g>
</g>
<g>
</g>
<g>
</g>
<g>
</g>
<g style="stroke:none;fill:#000;fill-opacity:0.40"><path d="m -2.8,102.8 v 2.48 h -0.77 v -6.44 h 0.77 v 0.71 q 0.24,-0.42 0.61,-0.62 0.37,-0.20 0.88,-0.20 0.85,0 1.38,0.68 0.53,0.68 0.53,1.77 0,1.10 -0.53,1.77 -0.53,0.68 -1.38,0.68 -0.51,0 -0.88,-0.20 -0.37,-0.20 -0.61,-0.62 z m 2.61,-1.63 q 0,-0.85 -0.35,-1.32 -0.35,-0.48 -0.95,-0.48 -0.61,0 -0.96,0.48 -0.35,0.48 -0.35,1.32 0,0.85 0.35,1.33 0.35,0.48 0.96,0.48 0.61,0 0.95,-0.48 0.35,-0.48 0.35,-1.33 z"/><path d="m 5.9,101.0 v 0.38 h -3.52 q 0.05,0.79 0.47,1.21 0.43,0.41 1.19,0.41 0.44,0 0.85,-0.11 0.42,-0.11 0.82,-0.33 v 0.72 q -0.41,0.17 -0.85,0.27 -0.43,0.09 -0.88,0.09 -1.12,0 -1.77,-0.65 -0.65,-0.65 -0.65,-1.76 0,-1.15 0.62,-1.82 0.62,-0.68 1.67,-0.68 0.94,0 1.49,0.61 0.55,0.60 0.55,1.65 z m -0.77,-0.23 q -0.01,-0.63 -0.35,-1.00 -0.34,-0.38 -0.91,-0.38 -0.64,0 -1.03,0.36 -0.38,0.36 -0.44,1.02 z"/><path d="m 10.6,102.9 h 1.98 v -4.05 h 0.77 v 4.67 h -6.26 v -4.67 h 0.77 v 4.05 h 1.97 v -4.05 h 0.77 z"/><path d="m 16.9,104.0 q -0.33,0.83 -0.63,1.09 -0.31,0.25 -0.82,0.25 h -0.61 v -0.64 h 0.45 q 0.32,0 0.49,-0.15 0.17,-0.15 0.39,-0.71 l 0.14,-0.35 -1.89,-4.59 h 0.81 l 1.46,3.65 1.46,-3.65 h 0.81 z"/><path d="m 20.7,101.4 v 1.54 h 1.09 q 0.53,0 0.80,-0.20 0.28,-0.20 0.28,-0.57 0,-0.38 -0.28,-0.57 -0.28,-0.20 -0.80,-0.20 z m 0,-1.90 v 1.29 h 1.01 q 0.43,0 0.71,-0.17 0.28,-0.17 0.28,-0.48 0,-0.31 -0.28,-0.47 -0.28,-0.17 -0.71,-0.17 z m -0.77,-0.61 h 1.82 q 0.82,0 1.26,0.30 0.44,0.30 0.44,0.85 0,0.43 -0.23,0.68 -0.23,0.25 -0.67,0.31 0.53,0.10 0.82,0.42 0.29,0.32 0.29,0.79 0,0.62 -0.48,0.97 -0.48,0.34 -1.37,0.34 h -1.90 z"/><path d="m 29.0,98.9 v 4.67 h -0.77 v -4.05 h -2.49 v 4.05 h -0.77 v -4.67 z"/><path d="m 31.3,102.8 v 2.48 h -0.77 v -6.44 h 0.77 v 0.71 q 0.24,-0.42 0.61,-0.62 0.37,-0.20 0.88,-0.20 0.85,0 1.38,0.68 0.53,0.68 0.53,1.77 0,1.10 -0.53,1.77 -0.53,0.68 -1.38,0.68 -0.51,0 -0.88,-0.20 -0.37,-0.20 -0.61,-0.62 z m 2.61,-1.63 q 0,-0.85 -0.35,-1.32 -0.35,-0.48 -0.95,-0.48 -0.61,0 -0.96,0.48 -0.35,0.48 -0.35,1.32 0,0.85 0.35,1.33 0.35,0.48 0.96,0.48 0.61,0 0.95,-0.48 0.35,-0.48 0.35,-1.33 z"/><path d="m 36.1,102.5 h 0.88 v 1.06 h -0.88 z"/><path d="m 39.5,102.8 v 2.48 h -0.77 v -6.44 h 0.77 v 0.71 q 0.24,-0.42 0.61,-0.62 0.37,-0.20 0.88,-0.20 0.85,0 1.38,0.68 0.53,0.68 0.53,1.77 0,1.10 -0.53,1.77 -0.53,0.68 -1.38,0.68 -0.51,0 -0.88,-0.20 -0.37,-0.20 -0.61,-0.62 z m 2.61,-1.63 q 0,-0.85 -0.35,-1.32 -0.35,-0.48 -0.95,-0.48 -0.61,0 -0.96,0.48 -0.35,0.48 -0.35,1.32 0,0.85 0.35,1.33 0.35,0.48 0.96,0.48 0.61,0 0.95,-0.48 0.35,-0.48 0.35,-1.33 z"/><path d="m 44.6,101.2 q 0,0.98 0.30,1.40 0.30,0.41 0.82,0.41 0.41,0 0.88,-0.70 v -2.22 q -0.47,-0.70 -0.88,-0.70 -0.51,0 -0.82,0.42 -0.30,0.41 -0.30,1.39 z m 2,4.10 v -2.37 q -0.24,0.39 -0.51,0.55 -0.27,0.16 -0.62,0.16 -0.70,0 -1.18,-0.64 -0.48,-0.65 -0.48,-1.79 0,-1.15 0.48,-1.80 0.49,-0.66 1.18,-0.66 0.35,0 0.62,0.16 0.28,0.16 0.51,0.55 v -2.15 h 0.77 v 2.15 q 0.24,-0.39 0.51,-0.55 0.28,-0.16 0.62,-0.16 0.70,0 1.18,0.66 0.49,0.66 0.49,1.80 0,1.15 -0.49,1.79 -0.48,0.64 -1.18,0.64 -0.35,0 -0.62,-0.16 -0.27,-0.16 -0.51,-0.55 v 2.37 z m 2.77,-4.10 q 0,-0.98 -0.30,-1.39 -0.30,-0.42 -0.81,-0.42 -0.41,0 -0.88,0.70 v 2.22 q 0.47,0.70 0.88,0.70 0.51,0 0.81,-0.41 0.30,-0.42 0.30,-1.40 z"/></g></svg>

<!--File created and owned by https://sdamgia.ru. Copying is prohibited. All rights reserved.-->
