<?xml version="1.0" encoding="utf-8"?>
<!-- Generator: Adobe Illustrator 27.0.1, SVG Export Plug-In . SVG Version: 6.00 Build 0)  -->
<svg version="1.1" id="Слой_1" xmlns="http://www.w3.org/2000/svg" xmlns:xlink="http://www.w3.org/1999/xlink" x="0px" y="0px"
	 width="76.9637px" height="132.2078px" viewBox="0 0 76.9637 132.2078" enable-background="new 0 0 76.9637 132.2078"
	 xml:space="preserve">
<path d="M76.9422,121.5182c0.0884,3.3299,0.1135,6.503-4.3937,4.557c-1.6155-0.6974-1.5156,0.1271-1.9971,0.904
	c-2.5046,4.0421-13.1683,6.6687-17.4023,4.3767c-1.4509-0.7854-1.2777-1.7635-0.6456-2.8908
	c1.5294-2.7275,2.3677-5.9459,5.3597-7.647c2.5077-1.4258,2.9778-3.6971,2.9852-6.3822
	c0.0243-8.8539-3.5902-15.2812-11.7925-19.1071c-4.9722-2.3193-9.7576-5.0421-14.6063-7.6223
	c-9.8915-5.264-16.741-13.5348-22.4428-22.899c-2.7011-4.4361-5.4893-8.7419-10.1073-11.4981
	c-0.8854-0.5285-2.5529-1.1011-1.629-2.5114c0.8177-1.2484,2.2097-0.3756,3.1057,0.2791
	c5.3101,3.8802,9.8802,8.6237,12.9385,14.3646c4.8943,9.1872,11.9457,15.8098,21.0841,20.5394
	c5.4667,2.8293,10.6908,6.1248,16.1352,9.0002c5.9953,3.1664,9.1241,7.9941,9.5465,14.7381
	c0.1447,2.3116,0.5319,4.6387,1.1038,6.8835c0.4738,1.8596,2.1932,2.5687,3.9064,2.3727c1.7066-0.1952,1.7034-1.8729,1.6949-3.182
	c-0.0387-5.9645-1.2753-11.8874-0.1915-17.9084c0.4697-2.6094-1.7004-4.1899-3.7402-5.4392
	c-6.2836-3.8486-9.0018-9.6335-8.9866-16.7867c0.0194-9.1472,0.0507-18.2761,0.6693-27.436
	c0.7292-10.7959-1.9783-20.8394-10.489-28.4976c-0.8596-0.7735-1.6192-1.6823-2.3095-2.6141
	c-1.0403-1.4042-0.9786-2.7809,1.0828-2.592c4.0159,0.368,7.9976,1.1071,12.2304,1.7273c-1.2808,2.4887-3.6815,1.5868-5.2962,3.2842
	c4.7742-0.075,9.166,0.0677,12.7347-3.2079c0.5634-0.5171,1.218-1.3589,1.1809-2.0138c-0.0683-1.2068-1.3027-1.3099-2.2794-1.4583
	c-0.6556-0.0996-1.3419-0.1999-1.9902-0.115c-10.6644,1.3959-20.3584-1.5904-29.8123-6.2063
	C24.3552,2.5096,15.1875,4.4074,6.5241,3.0015C5.706,2.8688,4.8593,2.9212,4.0345,2.8183C3.037,2.694,1.6924,2.5044,1.7412,1.3609
	c0.0677-1.5892,1.575-1.3596,2.7214-1.3365c13.075,0.2632,25.9305,1.7518,37.9045,7.4767
	c5.7609,2.7543,11.6312,3.8913,17.9294,2.5167c0.9608-0.2097,2.0059-0.2578,2.9813-0.1359
	c3.5954,0.4494,7.4468,1.3211,7.9619,5.4693c0.5671,4.5674-3.4557,5.4494-6.8875,6.3868c-0.3198,0.0874-0.6564,0.1115-0.9825,0.1778
	c-8.3418,1.697-8.3018,1.6812-5.0969,9.6325c2.9786,7.3897,1.8572,15.0595,1.4461,22.6902
	c-0.4634,8.6005-1.4449,17.2162,0.2252,25.8013c0.8029,4.1273,2.8364,7.4584,6.5146,9.6052
	c4.6813,2.7323,6.6607,6.4322,5.7396,12.0552c-1.0846,6.6211,0.7826,13.2534,0.9476,19.9041
	c0.0076,0.3072-1.149,1.4002,1.0491,1.8279C76.9124,123.9608,75.3785,121.6439,76.9422,121.5182z"/>
<g>
</g>
<g>
</g>
<g>
</g>
<g>
</g>
<g>
</g>
<g>
</g>
<g>
</g>
<g>
</g>
<g>
</g>
<g>
</g>
<g>
</g>
<g>
</g>
<g>
</g>
<g>
</g>
<g>
</g>
<g style="stroke:none;fill:#000;fill-opacity:0.40"><path d="m 16.6,124.0 v 2.48 h -0.77 v -6.44 h 0.77 v 0.71 q 0.24,-0.42 0.61,-0.62 0.37,-0.20 0.88,-0.20 0.85,0 1.38,0.68 0.53,0.68 0.53,1.77 0,1.10 -0.53,1.77 -0.53,0.68 -1.38,0.68 -0.51,0 -0.88,-0.20 -0.37,-0.20 -0.61,-0.62 z m 2.61,-1.63 q 0,-0.85 -0.35,-1.32 -0.35,-0.48 -0.95,-0.48 -0.61,0 -0.96,0.48 -0.35,0.48 -0.35,1.32 0,0.85 0.35,1.33 0.35,0.48 0.96,0.48 0.61,0 0.95,-0.48 0.35,-0.48 0.35,-1.33 z"/><path d="m 25.3,122.2 v 0.38 h -3.52 q 0.05,0.79 0.47,1.21 0.43,0.41 1.19,0.41 0.44,0 0.85,-0.11 0.42,-0.11 0.82,-0.33 v 0.72 q -0.41,0.17 -0.85,0.27 -0.43,0.09 -0.88,0.09 -1.12,0 -1.77,-0.65 -0.65,-0.65 -0.65,-1.76 0,-1.15 0.62,-1.82 0.62,-0.68 1.67,-0.68 0.94,0 1.49,0.61 0.55,0.60 0.55,1.65 z m -0.77,-0.23 q -0.01,-0.63 -0.35,-1.00 -0.34,-0.38 -0.91,-0.38 -0.64,0 -1.03,0.36 -0.38,0.36 -0.44,1.02 z"/><path d="m 30.0,124.1 h 1.98 v -4.05 h 0.77 v 4.67 h -6.26 v -4.67 h 0.77 v 4.05 h 1.97 v -4.05 h 0.77 z"/><path d="m 36.3,125.2 q -0.33,0.83 -0.63,1.09 -0.31,0.25 -0.82,0.25 h -0.61 v -0.64 h 0.45 q 0.32,0 0.49,-0.15 0.17,-0.15 0.39,-0.71 l 0.14,-0.35 -1.89,-4.59 h 0.81 l 1.46,3.65 1.46,-3.65 h 0.81 z"/><path d="m 40.1,122.6 v 1.54 h 1.09 q 0.53,0 0.80,-0.20 0.28,-0.20 0.28,-0.57 0,-0.38 -0.28,-0.57 -0.28,-0.20 -0.80,-0.20 z m 0,-1.90 v 1.29 h 1.01 q 0.43,0 0.71,-0.17 0.28,-0.17 0.28,-0.48 0,-0.31 -0.28,-0.47 -0.28,-0.17 -0.71,-0.17 z m -0.77,-0.61 h 1.82 q 0.82,0 1.26,0.30 0.44,0.30 0.44,0.85 0,0.43 -0.23,0.68 -0.23,0.25 -0.67,0.31 0.53,0.10 0.82,0.42 0.29,0.32 0.29,0.79 0,0.62 -0.48,0.97 -0.48,0.34 -1.37,0.34 h -1.90 z"/><path d="m 48.4,120.1 v 4.67 h -0.77 v -4.05 h -2.49 v 4.05 h -0.77 v -4.67 z"/><path d="m 50.7,124.0 v 2.48 h -0.77 v -6.44 h 0.77 v 0.71 q 0.24,-0.42 0.61,-0.62 0.37,-0.20 0.88,-0.20 0.85,0 1.38,0.68 0.53,0.68 0.53,1.77 0,1.10 -0.53,1.77 -0.53,0.68 -1.38,0.68 -0.51,0 -0.88,-0.20 -0.37,-0.20 -0.61,-0.62 z m 2.61,-1.63 q 0,-0.85 -0.35,-1.32 -0.35,-0.48 -0.95,-0.48 -0.61,0 -0.96,0.48 -0.35,0.48 -0.35,1.32 0,0.85 0.35,1.33 0.35,0.48 0.96,0.48 0.61,0 0.95,-0.48 0.35,-0.48 0.35,-1.33 z"/><path d="m 55.5,123.7 h 0.88 v 1.06 h -0.88 z"/><path d="m 58.9,124.0 v 2.48 h -0.77 v -6.44 h 0.77 v 0.71 q 0.24,-0.42 0.61,-0.62 0.37,-0.20 0.88,-0.20 0.85,0 1.38,0.68 0.53,0.68 0.53,1.77 0,1.10 -0.53,1.77 -0.53,0.68 -1.38,0.68 -0.51,0 -0.88,-0.20 -0.37,-0.20 -0.61,-0.62 z m 2.61,-1.63 q 0,-0.85 -0.35,-1.32 -0.35,-0.48 -0.95,-0.48 -0.61,0 -0.96,0.48 -0.35,0.48 -0.35,1.32 0,0.85 0.35,1.33 0.35,0.48 0.96,0.48 0.61,0 0.95,-0.48 0.35,-0.48 0.35,-1.33 z"/><path d="m 64.0,122.4 q 0,0.98 0.30,1.40 0.30,0.41 0.82,0.41 0.41,0 0.88,-0.70 v -2.22 q -0.47,-0.70 -0.88,-0.70 -0.51,0 -0.82,0.42 -0.30,0.41 -0.30,1.39 z m 2,4.10 v -2.37 q -0.24,0.39 -0.51,0.55 -0.27,0.16 -0.62,0.16 -0.70,0 -1.18,-0.64 -0.48,-0.65 -0.48,-1.79 0,-1.15 0.48,-1.80 0.49,-0.66 1.18,-0.66 0.35,0 0.62,0.16 0.28,0.16 0.51,0.55 v -2.15 h 0.77 v 2.15 q 0.24,-0.39 0.51,-0.55 0.28,-0.16 0.62,-0.16 0.70,0 1.18,0.66 0.49,0.66 0.49,1.80 0,1.15 -0.49,1.79 -0.48,0.64 -1.18,0.64 -0.35,0 -0.62,-0.16 -0.27,-0.16 -0.51,-0.55 v 2.37 z m 2.77,-4.10 q 0,-0.98 -0.30,-1.39 -0.30,-0.42 -0.81,-0.42 -0.41,0 -0.88,0.70 v 2.22 q 0.47,0.70 0.88,0.70 0.51,0 0.81,-0.41 0.30,-0.42 0.30,-1.40 z"/></g></svg>

<!--File created and owned by https://sdamgia.ru. Copying is prohibited. All rights reserved.-->
