<?xml version="1.0" encoding="utf-8"?>
<!-- Generator: Adobe Illustrator 27.0.1, SVG Export Plug-In . SVG Version: 6.00 Build 0)  -->
<svg version="1.1" id="Слой_1" xmlns="http://www.w3.org/2000/svg" xmlns:xlink="http://www.w3.org/1999/xlink" x="0px" y="0px"
	 width="96.0542px" height="72.7927px" viewBox="0 0 96.0542 72.7927" enable-background="new 0 0 96.0542 72.7927"
	 xml:space="preserve">
<path d="M48.4738,0.0698C62.8062,0.0727,77.1397,0.1664,91.4703,0.002c3.2829-0.0376,4.616,0.5306,4.5833,4.2545
	c-0.1871,21.3304-0.1692,42.6637-0.0223,63.9947c0.0241,3.5003-1.0103,4.6674-4.4998,4.5309
	c-9.1485-0.3577-18.3625-0.8842-27.4477-0.6004c-13.3166,0.4159-26.6067-0.2821-39.9032,0.1324
	c-6.8214,0.2127-13.6505,0.1741-20.4724,0.3757c-2.8109,0.0831-3.6874-1.0215-3.6757-3.8196
	c0.0905-21.6645,0.1049-43.33-0.0322-64.994c-0.0199-3.1423,0.9582-3.9049,3.977-3.8753
	C18.8082,0.1465,33.6414,0.067,48.4738,0.0698z M44.3709,71.0326c15.3143,0,25.8029-0.0956,36.2879,0.0563
	c3.2874,0.0476,5.0401-0.986,6.32-4.188c1.3173-3.2954,0.9672-7.0227,2.5947-9.9793c2.275-4.1327,2.2909-8.1018,1.4237-12.5062
	c-1.5548-7.8967-1.3544-15.9144-0.6506-23.8845c0.234-2.6502,0.8688-5.2385,0.2306-7.9046
	c-1.1945-4.9896-2.6141-5.5243-6.7086-2.6034c-2.6037,1.8574-4.7838,4.0808-6.6434,6.6889
	c-6.2509,8.7667-10.1303,18.6375-13.4868,28.7495c-0.4706,1.4176-0.4578,3.1477-1.9271,3.8898
	c-4.5851,2.3158-9.2324,4.5114-13.8928,6.6731c-0.9482,0.4398-2.0273,0.1149-2.8156-0.5599
	c-2.4906-2.1322-5.6327-2.877-8.5862-3.9015c-3.0458-1.0565-4.6467-2.841-5.0455-6.0337
	c-1.5053-12.0512-8.6213-21.3878-15.2744-30.8983c-1.7955-2.5667-4.2085-5.5447-7.6831-4.5116
	c-3.7098,1.1031-3.1744,5.1415-3.2402,8.1088c-0.199,8.9728,0.3596,17.9759-0.1523,26.9229
	c-0.2868,5.013,2.1952,9.3425,2.1763,14.0605c-0.0163,4.0725,1.2487,7.4429,3.3728,10.6943c0.7513,1.1501,1.4513,1.9938,3.16,1.7937
	C25.5918,70.3215,37.4082,71.3048,44.3709,71.0326z"/>
<g>
</g>
<g>
</g>
<g>
</g>
<g>
</g>
<g>
</g>
<g>
</g>
<g>
</g>
<g>
</g>
<g>
</g>
<g>
</g>
<g>
</g>
<g>
</g>
<g>
</g>
<g>
</g>
<g>
</g>
<g style="stroke:none;fill:#000;fill-opacity:0.40"><path d="m 35.7,64.6 v 2.48 h -0.77 v -6.44 h 0.77 v 0.71 q 0.24,-0.42 0.61,-0.62 0.37,-0.20 0.88,-0.20 0.85,0 1.38,0.68 0.53,0.68 0.53,1.77 0,1.10 -0.53,1.77 -0.53,0.68 -1.38,0.68 -0.51,0 -0.88,-0.20 -0.37,-0.20 -0.61,-0.62 z m 2.61,-1.63 q 0,-0.85 -0.35,-1.32 -0.35,-0.48 -0.95,-0.48 -0.61,0 -0.96,0.48 -0.35,0.48 -0.35,1.32 0,0.85 0.35,1.33 0.35,0.48 0.96,0.48 0.61,0 0.95,-0.48 0.35,-0.48 0.35,-1.33 z"/><path d="m 44.4,62.8 v 0.38 h -3.52 q 0.05,0.79 0.47,1.21 0.43,0.41 1.19,0.41 0.44,0 0.85,-0.11 0.42,-0.11 0.82,-0.33 v 0.72 q -0.41,0.17 -0.85,0.27 -0.43,0.09 -0.88,0.09 -1.12,0 -1.77,-0.65 -0.65,-0.65 -0.65,-1.76 0,-1.15 0.62,-1.82 0.62,-0.68 1.67,-0.68 0.94,0 1.49,0.61 0.55,0.60 0.55,1.65 z m -0.77,-0.23 q -0.01,-0.63 -0.35,-1.00 -0.34,-0.38 -0.91,-0.38 -0.64,0 -1.03,0.36 -0.38,0.36 -0.44,1.02 z"/><path d="m 49.1,64.7 h 1.98 v -4.05 h 0.77 v 4.67 h -6.26 v -4.67 h 0.77 v 4.05 h 1.97 v -4.05 h 0.77 z"/><path d="m 55.4,65.8 q -0.33,0.83 -0.63,1.09 -0.31,0.25 -0.82,0.25 h -0.61 v -0.64 h 0.45 q 0.32,0 0.49,-0.15 0.17,-0.15 0.39,-0.71 l 0.14,-0.35 -1.89,-4.59 h 0.81 l 1.46,3.65 1.46,-3.65 h 0.81 z"/><path d="m 59.2,63.2 v 1.54 h 1.09 q 0.53,0 0.80,-0.20 0.28,-0.20 0.28,-0.57 0,-0.38 -0.28,-0.57 -0.28,-0.20 -0.80,-0.20 z m 0,-1.90 v 1.29 h 1.01 q 0.43,0 0.71,-0.17 0.28,-0.17 0.28,-0.48 0,-0.31 -0.28,-0.47 -0.28,-0.17 -0.71,-0.17 z m -0.77,-0.61 h 1.82 q 0.82,0 1.26,0.30 0.44,0.30 0.44,0.85 0,0.43 -0.23,0.68 -0.23,0.25 -0.67,0.31 0.53,0.10 0.82,0.42 0.29,0.32 0.29,0.79 0,0.62 -0.48,0.97 -0.48,0.34 -1.37,0.34 h -1.90 z"/><path d="m 67.5,60.7 v 4.67 h -0.77 v -4.05 h -2.49 v 4.05 h -0.77 v -4.67 z"/><path d="m 69.8,64.6 v 2.48 h -0.77 v -6.44 h 0.77 v 0.71 q 0.24,-0.42 0.61,-0.62 0.37,-0.20 0.88,-0.20 0.85,0 1.38,0.68 0.53,0.68 0.53,1.77 0,1.10 -0.53,1.77 -0.53,0.68 -1.38,0.68 -0.51,0 -0.88,-0.20 -0.37,-0.20 -0.61,-0.62 z m 2.61,-1.63 q 0,-0.85 -0.35,-1.32 -0.35,-0.48 -0.95,-0.48 -0.61,0 -0.96,0.48 -0.35,0.48 -0.35,1.32 0,0.85 0.35,1.33 0.35,0.48 0.96,0.48 0.61,0 0.95,-0.48 0.35,-0.48 0.35,-1.33 z"/><path d="m 74.6,64.3 h 0.88 v 1.06 h -0.88 z"/><path d="m 78.0,64.6 v 2.48 h -0.77 v -6.44 h 0.77 v 0.71 q 0.24,-0.42 0.61,-0.62 0.37,-0.20 0.88,-0.20 0.85,0 1.38,0.68 0.53,0.68 0.53,1.77 0,1.10 -0.53,1.77 -0.53,0.68 -1.38,0.68 -0.51,0 -0.88,-0.20 -0.37,-0.20 -0.61,-0.62 z m 2.61,-1.63 q 0,-0.85 -0.35,-1.32 -0.35,-0.48 -0.95,-0.48 -0.61,0 -0.96,0.48 -0.35,0.48 -0.35,1.32 0,0.85 0.35,1.33 0.35,0.48 0.96,0.48 0.61,0 0.95,-0.48 0.35,-0.48 0.35,-1.33 z"/><path d="m 83.1,63.0 q 0,0.98 0.30,1.40 0.30,0.41 0.82,0.41 0.41,0 0.88,-0.70 v -2.22 q -0.47,-0.70 -0.88,-0.70 -0.51,0 -0.82,0.42 -0.30,0.41 -0.30,1.39 z m 2,4.10 v -2.37 q -0.24,0.39 -0.51,0.55 -0.27,0.16 -0.62,0.16 -0.70,0 -1.18,-0.64 -0.48,-0.65 -0.48,-1.79 0,-1.15 0.48,-1.80 0.49,-0.66 1.18,-0.66 0.35,0 0.62,0.16 0.28,0.16 0.51,0.55 v -2.15 h 0.77 v 2.15 q 0.24,-0.39 0.51,-0.55 0.28,-0.16 0.62,-0.16 0.70,0 1.18,0.66 0.49,0.66 0.49,1.80 0,1.15 -0.49,1.79 -0.48,0.64 -1.18,0.64 -0.35,0 -0.62,-0.16 -0.27,-0.16 -0.51,-0.55 v 2.37 z m 2.77,-4.10 q 0,-0.98 -0.30,-1.39 -0.30,-0.42 -0.81,-0.42 -0.41,0 -0.88,0.70 v 2.22 q 0.47,0.70 0.88,0.70 0.51,0 0.81,-0.41 0.30,-0.42 0.30,-1.40 z"/></g></svg>

<!--File created and owned by https://sdamgia.ru. Copying is prohibited. All rights reserved.-->
