<?xml version="1.0" encoding="utf-8"?>
<!-- Generator: Adobe Illustrator 27.0.1, SVG Export Plug-In . SVG Version: 6.00 Build 0)  -->
<svg version="1.1" id="Слой_1" xmlns="http://www.w3.org/2000/svg" xmlns:xlink="http://www.w3.org/1999/xlink" x="0px" y="0px"
	 width="105.9678px" height="66.0237px" viewBox="0 0 105.9678 66.0237" enable-background="new 0 0 105.9678 66.0237"
	 xml:space="preserve">
<path d="M105.9171,32.421c0,9.6552-0.0573,19.3109,0.0377,28.9651c0.0258,2.6257-0.5342,3.6906-3.5728,3.8019
	c-25.2414,0.9241-50.4888,0.9167-75.737,0.7488c-7.9358-0.0528-15.8674-0.6128-23.8041-0.7439
	c-2.7596-0.0456-2.8062-1.6011-2.8032-3.5782C0.0672,42.3054,0.1642,22.9954,0.0004,3.6877
	c-0.0295-3.4778,1.5194-3.6556,4.1929-3.6405c14.1495,0.08,28.2996,0.0319,42.4496,0.0316
	c18.3117-0.0004,36.6243,0.0961,54.9344-0.078c3.5337-0.0336,4.4806,0.9541,4.3839,4.4575
	c-0.2572,9.3146-0.0874,18.6409-0.0874,27.9626C105.8883,32.4209,105.9027,32.421,105.9171,32.421z M52.9775,64.1123
	c8.8304,0,17.6611-0.0317,26.4912,0.0207c2.4186,0.0144,3.948-0.3117,2.8202-3.3425c-1.041-2.7974-0.0191-5.0765,2.0657-7.1949
	c2.6735-2.7166,5.2959-5.5134,7.0291-9.0153c4.5158-9.1239,8.1911-18.5523,10.4947-28.4828
	c0.4019-1.7328,1.6673-3.9381,0.2481-5.208c-1.763-1.5776-4.2263-0.2664-6.0528,0.5737
	c-10.604,4.877-19.881,11.7423-28.2839,19.7762c-1.6065,1.5359-3.0667,2.2126-5.2821,1.9239
	c-6.1267-0.7984-12.3017-0.906-18.4225-0.07c-2.8552,0.39-4.5256-0.6483-6.4406-2.6488
	c-5.8667-6.1286-13.3029-10.3454-20.1462-15.2173c-2.8827-2.0523-6.5371-3.7858-10.3724-4.641
	c-3.6205-0.8073-4.2456,0.5455-3.4634,3.5252c3.7218,14.1789,7.4201,28.3946,17.9879,39.4278
	c2.0478,2.138,3.0879,4.4087,2.0764,7.2042c-1.0525,2.9088,0.2276,3.4119,2.76,3.3913
	C35.3167,64.0625,44.1473,64.1068,52.9775,64.1123z"/>
<g>
</g>
<g>
</g>
<g>
</g>
<g>
</g>
<g>
</g>
<g>
</g>
<g>
</g>
<g>
</g>
<g>
</g>
<g>
</g>
<g>
</g>
<g>
</g>
<g>
</g>
<g>
</g>
<g>
</g>
<g style="stroke:none;fill:#000;fill-opacity:0.40"><path d="m 45.6,57.8 v 2.48 h -0.77 v -6.44 h 0.77 v 0.71 q 0.24,-0.42 0.61,-0.62 0.37,-0.20 0.88,-0.20 0.85,0 1.38,0.68 0.53,0.68 0.53,1.77 0,1.10 -0.53,1.77 -0.53,0.68 -1.38,0.68 -0.51,0 -0.88,-0.20 -0.37,-0.20 -0.61,-0.62 z m 2.61,-1.63 q 0,-0.85 -0.35,-1.32 -0.35,-0.48 -0.95,-0.48 -0.61,0 -0.96,0.48 -0.35,0.48 -0.35,1.32 0,0.85 0.35,1.33 0.35,0.48 0.96,0.48 0.61,0 0.95,-0.48 0.35,-0.48 0.35,-1.33 z"/><path d="m 54.3,56.0 v 0.38 h -3.52 q 0.05,0.79 0.47,1.21 0.43,0.41 1.19,0.41 0.44,0 0.85,-0.11 0.42,-0.11 0.82,-0.33 v 0.72 q -0.41,0.17 -0.85,0.27 -0.43,0.09 -0.88,0.09 -1.12,0 -1.77,-0.65 -0.65,-0.65 -0.65,-1.76 0,-1.15 0.62,-1.82 0.62,-0.68 1.67,-0.68 0.94,0 1.49,0.61 0.55,0.60 0.55,1.65 z m -0.77,-0.23 q -0.01,-0.63 -0.35,-1.00 -0.34,-0.38 -0.91,-0.38 -0.64,0 -1.03,0.36 -0.38,0.36 -0.44,1.02 z"/><path d="m 59.0,57.9 h 1.98 v -4.05 h 0.77 v 4.67 h -6.26 v -4.67 h 0.77 v 4.05 h 1.97 v -4.05 h 0.77 z"/><path d="m 65.3,59.0 q -0.33,0.83 -0.63,1.09 -0.31,0.25 -0.82,0.25 h -0.61 v -0.64 h 0.45 q 0.32,0 0.49,-0.15 0.17,-0.15 0.39,-0.71 l 0.14,-0.35 -1.89,-4.59 h 0.81 l 1.46,3.65 1.46,-3.65 h 0.81 z"/><path d="m 69.1,56.4 v 1.54 h 1.09 q 0.53,0 0.80,-0.20 0.28,-0.20 0.28,-0.57 0,-0.38 -0.28,-0.57 -0.28,-0.20 -0.80,-0.20 z m 0,-1.90 v 1.29 h 1.01 q 0.43,0 0.71,-0.17 0.28,-0.17 0.28,-0.48 0,-0.31 -0.28,-0.47 -0.28,-0.17 -0.71,-0.17 z m -0.77,-0.61 h 1.82 q 0.82,0 1.26,0.30 0.44,0.30 0.44,0.85 0,0.43 -0.23,0.68 -0.23,0.25 -0.67,0.31 0.53,0.10 0.82,0.42 0.29,0.32 0.29,0.79 0,0.62 -0.48,0.97 -0.48,0.34 -1.37,0.34 h -1.90 z"/><path d="m 77.4,53.9 v 4.67 h -0.77 v -4.05 h -2.49 v 4.05 h -0.77 v -4.67 z"/><path d="m 79.7,57.8 v 2.48 h -0.77 v -6.44 h 0.77 v 0.71 q 0.24,-0.42 0.61,-0.62 0.37,-0.20 0.88,-0.20 0.85,0 1.38,0.68 0.53,0.68 0.53,1.77 0,1.10 -0.53,1.77 -0.53,0.68 -1.38,0.68 -0.51,0 -0.88,-0.20 -0.37,-0.20 -0.61,-0.62 z m 2.61,-1.63 q 0,-0.85 -0.35,-1.32 -0.35,-0.48 -0.95,-0.48 -0.61,0 -0.96,0.48 -0.35,0.48 -0.35,1.32 0,0.85 0.35,1.33 0.35,0.48 0.96,0.48 0.61,0 0.95,-0.48 0.35,-0.48 0.35,-1.33 z"/><path d="m 84.5,57.5 h 0.88 v 1.06 h -0.88 z"/><path d="m 87.9,57.8 v 2.48 h -0.77 v -6.44 h 0.77 v 0.71 q 0.24,-0.42 0.61,-0.62 0.37,-0.20 0.88,-0.20 0.85,0 1.38,0.68 0.53,0.68 0.53,1.77 0,1.10 -0.53,1.77 -0.53,0.68 -1.38,0.68 -0.51,0 -0.88,-0.20 -0.37,-0.20 -0.61,-0.62 z m 2.61,-1.63 q 0,-0.85 -0.35,-1.32 -0.35,-0.48 -0.95,-0.48 -0.61,0 -0.96,0.48 -0.35,0.48 -0.35,1.32 0,0.85 0.35,1.33 0.35,0.48 0.96,0.48 0.61,0 0.95,-0.48 0.35,-0.48 0.35,-1.33 z"/><path d="m 93.0,56.2 q 0,0.98 0.30,1.40 0.30,0.41 0.82,0.41 0.41,0 0.88,-0.70 v -2.22 q -0.47,-0.70 -0.88,-0.70 -0.51,0 -0.82,0.42 -0.30,0.41 -0.30,1.39 z m 2,4.10 v -2.37 q -0.24,0.39 -0.51,0.55 -0.27,0.16 -0.62,0.16 -0.70,0 -1.18,-0.64 -0.48,-0.65 -0.48,-1.79 0,-1.15 0.48,-1.80 0.49,-0.66 1.18,-0.66 0.35,0 0.62,0.16 0.28,0.16 0.51,0.55 v -2.15 h 0.77 v 2.15 q 0.24,-0.39 0.51,-0.55 0.28,-0.16 0.62,-0.16 0.70,0 1.18,0.66 0.49,0.66 0.49,1.80 0,1.15 -0.49,1.79 -0.48,0.64 -1.18,0.64 -0.35,0 -0.62,-0.16 -0.27,-0.16 -0.51,-0.55 v 2.37 z m 2.77,-4.10 q 0,-0.98 -0.30,-1.39 -0.30,-0.42 -0.81,-0.42 -0.41,0 -0.88,0.70 v 2.22 q 0.47,0.70 0.88,0.70 0.51,0 0.81,-0.41 0.30,-0.42 0.30,-1.40 z"/></g></svg>

<!--File created and owned by https://sdamgia.ru. Copying is prohibited. All rights reserved.-->
