<?xml version="1.0" encoding="utf-8"?>
<!-- Generator: Adobe Illustrator 27.0.1, SVG Export Plug-In . SVG Version: 6.00 Build 0)  -->
<svg version="1.1" id="Слой_1" xmlns="http://www.w3.org/2000/svg" xmlns:xlink="http://www.w3.org/1999/xlink" x="0px" y="0px"
	 width="101.4146px" height="106.513px" viewBox="0 0 101.4146 106.513" enable-background="new 0 0 101.4146 106.513"
	 xml:space="preserve">
<path d="M97.1002,7.996c-0.3235-0.075-0.6633-0.0786-0.988-0.1497C83.1451,5.0044,70.294,4.6044,57.0888,7.248
	c-9.3622,1.8743-18.8929-0.3785-28.0393-3.254C19.6918,1.0521,9.9826,1.2464,0,0c0.939,2.3472,2.5182,2.2457,3.6757,2.2772
	C15.7714,2.6055,27.327,5.7838,38.9883,8.5604c7.3386,1.7474,14.9625,2.1923,22.31,0.2859
	c11.0369-2.8638,21.7548-1.5865,32.5235,1.9103c-4.4567,0-8.9592,0.4064-13.3597-0.0905
	c-7.5451-0.8521-14.8859-0.1516-22.3094,1.1546C48.6117,13.4994,39.077,13.2924,29.559,9.773
	c0.1913,0.7615,0.1527,1.3777,0.4307,1.6027c9.8698,7.9857,12.1923,19.3755,14.2416,30.984
	c1.8433,10.4412,2.4434,21.3103,9.271,30.2443c0.7043,0.9217,1.2131,2.043,2.0576,2.7973c1.9052,1.7018,5.4022,2.1521,5.2654,5.444
	c-0.2408,5.7965,0.6215,11.6492-0.7797,17.3944c-0.2731,1.12-0.8293,1.9272-2.0357,1.5646
	c-1.3253-0.3984-1.9131-1.5806-1.2793-2.7686c3.496-6.5523-0.9352-11.0857-4.2715-15.5457
	c-3.5605-4.7599-9.31-7.0005-14.2948-9.8909c-9.8693-5.7227-17.5106-13.7189-24.9203-22.1017
	c-5.2164-5.9014-8.2214-7.7468-12.9119-8.2607c-0.0557,0.3003-0.232,0.8278-0.1505,0.8713
	c11.144,5.9351,17.298,17.3249,27.1241,24.7595c6.4139,4.8529,13.5796,8.4112,20.1511,12.9675
	c4.7011,3.2594,6.6923,7.5443,7.3368,12.9501c0.4687,3.931-3.0414,5.7466-4.1501,8.7952c-0.4878,1.3409-2.2887,2.4738-1.2911,4.0203
	c0.961,1.4898,2.7151,0.7349,4.1763,0.6176c7.5657-0.6073,7.6173-0.8151,9.0011-8.3925c0.9713-5.3185,0.447-10.6337,0.5813-15.9489
	c0.0665-2.6315-0.9268-4.9723-3.0987-6.5308c-7.1756-5.1491-10.1071-12.7488-11.492-20.9039
	c-1.9481-11.4714-2.7757-23.1602-8.1579-33.7986c-1.0747-2.1243,0.1924-2.7451,2.0973-2.4727
	c9.9453,1.4221,19.5018-0.0678,28.9118-3.42c5.7742-2.0571,11.9159-0.8055,17.8796-1.1987c2.9888-0.197,6.1315,0.1063,8.8738-0.9597
	c1.5536-0.6039,2.59-0.7344,3.2897-0.525L99.687,8.2422C98.963,8.3107,98.1059,8.2291,97.1002,7.996z"/>
<g>
</g>
<g>
</g>
<g>
</g>
<g>
</g>
<g>
</g>
<g>
</g>
<g>
</g>
<g>
</g>
<g>
</g>
<g>
</g>
<g>
</g>
<g>
</g>
<g>
</g>
<g>
</g>
<g>
</g>
<g style="stroke:none;fill:#000;fill-opacity:0.40"><path d="m 41.0,98.3 v 2.48 h -0.77 v -6.44 h 0.77 v 0.71 q 0.24,-0.42 0.61,-0.62 0.37,-0.20 0.88,-0.20 0.85,0 1.38,0.68 0.53,0.68 0.53,1.77 0,1.10 -0.53,1.77 -0.53,0.68 -1.38,0.68 -0.51,0 -0.88,-0.20 -0.37,-0.20 -0.61,-0.62 z m 2.61,-1.63 q 0,-0.85 -0.35,-1.32 -0.35,-0.48 -0.95,-0.48 -0.61,0 -0.96,0.48 -0.35,0.48 -0.35,1.32 0,0.85 0.35,1.33 0.35,0.48 0.96,0.48 0.61,0 0.95,-0.48 0.35,-0.48 0.35,-1.33 z"/><path d="m 49.7,96.5 v 0.38 h -3.52 q 0.05,0.79 0.47,1.21 0.43,0.41 1.19,0.41 0.44,0 0.85,-0.11 0.42,-0.11 0.82,-0.33 v 0.72 q -0.41,0.17 -0.85,0.27 -0.43,0.09 -0.88,0.09 -1.12,0 -1.77,-0.65 -0.65,-0.65 -0.65,-1.76 0,-1.15 0.62,-1.82 0.62,-0.68 1.67,-0.68 0.94,0 1.49,0.61 0.55,0.60 0.55,1.65 z m -0.77,-0.23 q -0.01,-0.63 -0.35,-1.00 -0.34,-0.38 -0.91,-0.38 -0.64,0 -1.03,0.36 -0.38,0.36 -0.44,1.02 z"/><path d="m 54.4,98.4 h 1.98 v -4.05 h 0.77 v 4.67 h -6.26 v -4.67 h 0.77 v 4.05 h 1.97 v -4.05 h 0.77 z"/><path d="m 60.7,99.5 q -0.33,0.83 -0.63,1.09 -0.31,0.25 -0.82,0.25 h -0.61 v -0.64 h 0.45 q 0.32,0 0.49,-0.15 0.17,-0.15 0.39,-0.71 l 0.14,-0.35 -1.89,-4.59 h 0.81 l 1.46,3.65 1.46,-3.65 h 0.81 z"/><path d="m 64.5,96.9 v 1.54 h 1.09 q 0.53,0 0.80,-0.20 0.28,-0.20 0.28,-0.57 0,-0.38 -0.28,-0.57 -0.28,-0.20 -0.80,-0.20 z m 0,-1.90 v 1.29 h 1.01 q 0.43,0 0.71,-0.17 0.28,-0.17 0.28,-0.48 0,-0.31 -0.28,-0.47 -0.28,-0.17 -0.71,-0.17 z m -0.77,-0.61 h 1.82 q 0.82,0 1.26,0.30 0.44,0.30 0.44,0.85 0,0.43 -0.23,0.68 -0.23,0.25 -0.67,0.31 0.53,0.10 0.82,0.42 0.29,0.32 0.29,0.79 0,0.62 -0.48,0.97 -0.48,0.34 -1.37,0.34 h -1.90 z"/><path d="m 72.8,94.4 v 4.67 h -0.77 v -4.05 h -2.49 v 4.05 h -0.77 v -4.67 z"/><path d="m 75.1,98.3 v 2.48 h -0.77 v -6.44 h 0.77 v 0.71 q 0.24,-0.42 0.61,-0.62 0.37,-0.20 0.88,-0.20 0.85,0 1.38,0.68 0.53,0.68 0.53,1.77 0,1.10 -0.53,1.77 -0.53,0.68 -1.38,0.68 -0.51,0 -0.88,-0.20 -0.37,-0.20 -0.61,-0.62 z m 2.61,-1.63 q 0,-0.85 -0.35,-1.32 -0.35,-0.48 -0.95,-0.48 -0.61,0 -0.96,0.48 -0.35,0.48 -0.35,1.32 0,0.85 0.35,1.33 0.35,0.48 0.96,0.48 0.61,0 0.95,-0.48 0.35,-0.48 0.35,-1.33 z"/><path d="m 79.9,98.0 h 0.88 v 1.06 h -0.88 z"/><path d="m 83.3,98.3 v 2.48 h -0.77 v -6.44 h 0.77 v 0.71 q 0.24,-0.42 0.61,-0.62 0.37,-0.20 0.88,-0.20 0.85,0 1.38,0.68 0.53,0.68 0.53,1.77 0,1.10 -0.53,1.77 -0.53,0.68 -1.38,0.68 -0.51,0 -0.88,-0.20 -0.37,-0.20 -0.61,-0.62 z m 2.61,-1.63 q 0,-0.85 -0.35,-1.32 -0.35,-0.48 -0.95,-0.48 -0.61,0 -0.96,0.48 -0.35,0.48 -0.35,1.32 0,0.85 0.35,1.33 0.35,0.48 0.96,0.48 0.61,0 0.95,-0.48 0.35,-0.48 0.35,-1.33 z"/><path d="m 88.4,96.7 q 0,0.98 0.30,1.40 0.30,0.41 0.82,0.41 0.41,0 0.88,-0.70 v -2.22 q -0.47,-0.70 -0.88,-0.70 -0.51,0 -0.82,0.42 -0.30,0.41 -0.30,1.39 z m 2,4.10 v -2.37 q -0.24,0.39 -0.51,0.55 -0.27,0.16 -0.62,0.16 -0.70,0 -1.18,-0.64 -0.48,-0.65 -0.48,-1.79 0,-1.15 0.48,-1.80 0.49,-0.66 1.18,-0.66 0.35,0 0.62,0.16 0.28,0.16 0.51,0.55 v -2.15 h 0.77 v 2.15 q 0.24,-0.39 0.51,-0.55 0.28,-0.16 0.62,-0.16 0.70,0 1.18,0.66 0.49,0.66 0.49,1.80 0,1.15 -0.49,1.79 -0.48,0.64 -1.18,0.64 -0.35,0 -0.62,-0.16 -0.27,-0.16 -0.51,-0.55 v 2.37 z m 2.77,-4.10 q 0,-0.98 -0.30,-1.39 -0.30,-0.42 -0.81,-0.42 -0.41,0 -0.88,0.70 v 2.22 q 0.47,0.70 0.88,0.70 0.51,0 0.81,-0.41 0.30,-0.42 0.30,-1.40 z"/></g></svg>

<!--File created and owned by https://sdamgia.ru. Copying is prohibited. All rights reserved.-->
