<?xml version="1.0" encoding="utf-8"?>
<!-- Generator: Adobe Illustrator 27.0.1, SVG Export Plug-In . SVG Version: 6.00 Build 0)  -->
<svg version="1.1" id="Слой_1" xmlns="http://www.w3.org/2000/svg" xmlns:xlink="http://www.w3.org/1999/xlink" x="0px" y="0px"
	 width="69.2339px" height="106.9865px" viewBox="0 0 69.2339 106.9865" enable-background="new 0 0 69.2339 106.9865"
	 xml:space="preserve">
<path d="M62.1464,72.657c-8.871-3.5486-10.7798-11.4348-12.1262-19.5692c-1.0602-6.4051-1.8475-12.855-2.7879-19.2804
	C44.8751,17.7015,33.4735,10.3452,19.6428,5.3782C13.5637,3.195,7.0919,2.6539,0.9011,1.4176
	C0.8063-0.0266,1.6553-0.0407,2.2175,0.0164c13.2754,1.3473,25.9252,4.4771,36.623,13.0604
	c8.0537,6.4619,10.6956,15.4813,11.4536,25.1779c0.716,9.1579,2.1076,18.0953,5.6566,26.6327
	c1.6624,3.9992,5.665,5.9569,9.7719,4.5367c1.0308-0.3565,1.7583-1.6627,3.5114-0.8377c-0.9103,4.082-3.0092,7.2596-7.1934,8.3852
	c-2.4967,0.6717-2.959,1.1484-3.3519,4.2042c-0.9035,7.0286-0.6923,14.3447-3.3802,21.1031
	c-1.3856,3.4841-9.3934,6.2269-12.0349,3.7621c-2.6755-2.4965,0.2154-4.8532,1.7888-6.0915
	c3.7032-2.9143,3.5574-6.5675,2.9841-10.3953c-0.4324-2.8871-1.9259-5.1161-4.6347-6.717
	c-6.5946-3.8974-13.042-8.0455-19.5199-12.1382c-5.7017-3.6023-10.648-7.8695-13.6691-14.1647
	C7.7867,51.4581,4.7482,46.6963,0,42.6351c2.5279-0.7873,3.7428,0.4847,4.7724,1.629c1.6657,1.8512,3.6258,3.6876,4.5548,5.9095
	c4.8118,11.5092,14.189,18.185,24.5377,23.9363c1.1641,0.6469,2.2169,1.5291,3.4301,2.0472
	c10.4598,4.4665,15.5382,12.23,14.0413,23.7566c2.5364-0.0637,2.5725-1.6157,2.7747-2.8335
	c0.4362-2.6268,0.4821-5.3334,1.0844-7.9147c1.3235-5.6724,0.6926-10.0066-5.2673-13.1016
	c-4.0013-2.0779-5.2278-6.7066-5.6553-11.1912c-0.6159-6.4612-1.4272-12.9118-1.7885-19.3874
	c-0.5448-9.7669-3.0834-18.6818-9.6712-26.1962c-0.8325-0.9496-2.8129-2.4019-0.9921-3.6119
	c1.4154-0.9406,2.5662,0.942,3.3936,2.1852c6.3279,9.5082,9.9901,19.8384,10.1717,31.3882
	c0.0808,5.14,0.6717,10.2888,1.3121,15.3983c0.6219,4.9617,5.5367,9.5786,10.4233,10.0388
	C58.9226,74.8574,60.8003,74.8063,62.1464,72.657z"/>
<g>
</g>
<g>
</g>
<g>
</g>
<g>
</g>
<g>
</g>
<g>
</g>
<g>
</g>
<g>
</g>
<g>
</g>
<g>
</g>
<g>
</g>
<g>
</g>
<g>
</g>
<g>
</g>
<g>
</g>
<g style="stroke:none;fill:#000;fill-opacity:0.40"><path d="m 8.8,98.8 v 2.48 h -0.77 v -6.44 h 0.77 v 0.71 q 0.24,-0.42 0.61,-0.62 0.37,-0.20 0.88,-0.20 0.85,0 1.38,0.68 0.53,0.68 0.53,1.77 0,1.10 -0.53,1.77 -0.53,0.68 -1.38,0.68 -0.51,0 -0.88,-0.20 -0.37,-0.20 -0.61,-0.62 z m 2.61,-1.63 q 0,-0.85 -0.35,-1.32 -0.35,-0.48 -0.95,-0.48 -0.61,0 -0.96,0.48 -0.35,0.48 -0.35,1.32 0,0.85 0.35,1.33 0.35,0.48 0.96,0.48 0.61,0 0.95,-0.48 0.35,-0.48 0.35,-1.33 z"/><path d="m 17.5,97.0 v 0.38 h -3.52 q 0.05,0.79 0.47,1.21 0.43,0.41 1.19,0.41 0.44,0 0.85,-0.11 0.42,-0.11 0.82,-0.33 v 0.72 q -0.41,0.17 -0.85,0.27 -0.43,0.09 -0.88,0.09 -1.12,0 -1.77,-0.65 -0.65,-0.65 -0.65,-1.76 0,-1.15 0.62,-1.82 0.62,-0.68 1.67,-0.68 0.94,0 1.49,0.61 0.55,0.60 0.55,1.65 z m -0.77,-0.23 q -0.01,-0.63 -0.35,-1.00 -0.34,-0.38 -0.91,-0.38 -0.64,0 -1.03,0.36 -0.38,0.36 -0.44,1.02 z"/><path d="m 22.2,98.9 h 1.98 v -4.05 h 0.77 v 4.67 h -6.26 v -4.67 h 0.77 v 4.05 h 1.97 v -4.05 h 0.77 z"/><path d="m 28.5,100.0 q -0.33,0.83 -0.63,1.09 -0.31,0.25 -0.82,0.25 h -0.61 v -0.64 h 0.45 q 0.32,0 0.49,-0.15 0.17,-0.15 0.39,-0.71 l 0.14,-0.35 -1.89,-4.59 h 0.81 l 1.46,3.65 1.46,-3.65 h 0.81 z"/><path d="m 32.3,97.4 v 1.54 h 1.09 q 0.53,0 0.80,-0.20 0.28,-0.20 0.28,-0.57 0,-0.38 -0.28,-0.57 -0.28,-0.20 -0.80,-0.20 z m 0,-1.90 v 1.29 h 1.01 q 0.43,0 0.71,-0.17 0.28,-0.17 0.28,-0.48 0,-0.31 -0.28,-0.47 -0.28,-0.17 -0.71,-0.17 z m -0.77,-0.61 h 1.82 q 0.82,0 1.26,0.30 0.44,0.30 0.44,0.85 0,0.43 -0.23,0.68 -0.23,0.25 -0.67,0.31 0.53,0.10 0.82,0.42 0.29,0.32 0.29,0.79 0,0.62 -0.48,0.97 -0.48,0.34 -1.37,0.34 h -1.90 z"/><path d="m 40.6,94.9 v 4.67 h -0.77 v -4.05 h -2.49 v 4.05 h -0.77 v -4.67 z"/><path d="m 42.9,98.8 v 2.48 h -0.77 v -6.44 h 0.77 v 0.71 q 0.24,-0.42 0.61,-0.62 0.37,-0.20 0.88,-0.20 0.85,0 1.38,0.68 0.53,0.68 0.53,1.77 0,1.10 -0.53,1.77 -0.53,0.68 -1.38,0.68 -0.51,0 -0.88,-0.20 -0.37,-0.20 -0.61,-0.62 z m 2.61,-1.63 q 0,-0.85 -0.35,-1.32 -0.35,-0.48 -0.95,-0.48 -0.61,0 -0.96,0.48 -0.35,0.48 -0.35,1.32 0,0.85 0.35,1.33 0.35,0.48 0.96,0.48 0.61,0 0.95,-0.48 0.35,-0.48 0.35,-1.33 z"/><path d="m 47.7,98.5 h 0.88 v 1.06 h -0.88 z"/><path d="m 51.1,98.8 v 2.48 h -0.77 v -6.44 h 0.77 v 0.71 q 0.24,-0.42 0.61,-0.62 0.37,-0.20 0.88,-0.20 0.85,0 1.38,0.68 0.53,0.68 0.53,1.77 0,1.10 -0.53,1.77 -0.53,0.68 -1.38,0.68 -0.51,0 -0.88,-0.20 -0.37,-0.20 -0.61,-0.62 z m 2.61,-1.63 q 0,-0.85 -0.35,-1.32 -0.35,-0.48 -0.95,-0.48 -0.61,0 -0.96,0.48 -0.35,0.48 -0.35,1.32 0,0.85 0.35,1.33 0.35,0.48 0.96,0.48 0.61,0 0.95,-0.48 0.35,-0.48 0.35,-1.33 z"/><path d="m 56.2,97.2 q 0,0.98 0.30,1.40 0.30,0.41 0.82,0.41 0.41,0 0.88,-0.70 v -2.22 q -0.47,-0.70 -0.88,-0.70 -0.51,0 -0.82,0.42 -0.30,0.41 -0.30,1.39 z m 2,4.10 v -2.37 q -0.24,0.39 -0.51,0.55 -0.27,0.16 -0.62,0.16 -0.70,0 -1.18,-0.64 -0.48,-0.65 -0.48,-1.79 0,-1.15 0.48,-1.80 0.49,-0.66 1.18,-0.66 0.35,0 0.62,0.16 0.28,0.16 0.51,0.55 v -2.15 h 0.77 v 2.15 q 0.24,-0.39 0.51,-0.55 0.28,-0.16 0.62,-0.16 0.70,0 1.18,0.66 0.49,0.66 0.49,1.80 0,1.15 -0.49,1.79 -0.48,0.64 -1.18,0.64 -0.35,0 -0.62,-0.16 -0.27,-0.16 -0.51,-0.55 v 2.37 z m 2.77,-4.10 q 0,-0.98 -0.30,-1.39 -0.30,-0.42 -0.81,-0.42 -0.41,0 -0.88,0.70 v 2.22 q 0.47,0.70 0.88,0.70 0.51,0 0.81,-0.41 0.30,-0.42 0.30,-1.40 z"/></g></svg>

<!--File created and owned by https://sdamgia.ru. Copying is prohibited. All rights reserved.-->
