<?xml version="1.0" encoding="utf-8"?>
<!-- Generator: Adobe Illustrator 16.0.0, SVG Export Plug-In . SVG Version: 6.00 Build 0)  -->
<!DOCTYPE svg PUBLIC "-//W3C//DTD SVG 1.1//EN" "http://www.w3.org/Graphics/SVG/1.1/DTD/svg11.dtd">
<svg version="1.1" id="Layer_1" xmlns="http://www.w3.org/2000/svg" xmlns:xlink="http://www.w3.org/1999/xlink" x="0px" y="0px"
	 width="135.1665px" height="102.4004px" viewBox="-983.7263 -984.8311 135.1665 102.4004"
	 enable-background="new -983.7263 -984.8311 135.1665 102.4004" xml:space="preserve">
<line fill="none" stroke="#000000" stroke-width="0.75" stroke-linecap="round" stroke-linejoin="round" stroke-miterlimit="10" stroke-dasharray="7.5,3" x1="-927.137" y1="-983.5684" x2="-927.137" y2="-883.3223"/>
<line fill="none" stroke="#000000" stroke-width="0.75" stroke-linecap="round" stroke-linejoin="round" stroke-miterlimit="10" x1="-955.5183" y1="-933.6309" x2="-983.3513" y2="-933.6309"/>
<line fill="none" stroke="#000000" stroke-width="0.75" stroke-linecap="round" stroke-linejoin="round" stroke-miterlimit="10" stroke-dasharray="7.5,3" x1="-850.0183" y1="-933.6309" x2="-955.5183" y2="-933.6309"/>
<path fill="none" stroke="#CC761F" stroke-width="1.25" stroke-linecap="round" stroke-linejoin="round" stroke-miterlimit="10" d="
	M-956.5598-933.6309c0,0,5.5957-51.5059,29.4229-50.5625s74.5771,25.2749,77.9521,50.5625"/>
<path fill="none" stroke="#CC761F" stroke-width="1.25" stroke-linecap="round" stroke-linejoin="round" stroke-miterlimit="10" d="
	M-956.5598-933.6309c0,0,5.5957,51.5059,29.4229,50.5625s74.5771-25.2749,77.9521-50.5625"/>
<g style="stroke:none;fill:#000;fill-opacity:0.40"><path d="m -909.0,-890.6 v 2.48 h -0.77 v -6.44 h 0.77 v 0.71 q 0.24,-0.42 0.61,-0.62 0.37,-0.20 0.88,-0.20 0.85,0 1.38,0.68 0.53,0.68 0.53,1.77 0,1.10 -0.53,1.77 -0.53,0.68 -1.38,0.68 -0.51,0 -0.88,-0.20 -0.37,-0.20 -0.61,-0.62 z m 2.61,-1.63 q 0,-0.85 -0.35,-1.32 -0.35,-0.48 -0.95,-0.48 -0.61,0 -0.96,0.48 -0.35,0.48 -0.35,1.32 0,0.85 0.35,1.33 0.35,0.48 0.96,0.48 0.61,0 0.95,-0.48 0.35,-0.48 0.35,-1.33 z"/><path d="m -900.3,-892.4 v 0.38 h -3.52 q 0.05,0.79 0.47,1.21 0.43,0.41 1.19,0.41 0.44,0 0.85,-0.11 0.42,-0.11 0.82,-0.33 v 0.72 q -0.41,0.17 -0.85,0.27 -0.43,0.09 -0.88,0.09 -1.12,0 -1.77,-0.65 -0.65,-0.65 -0.65,-1.76 0,-1.15 0.62,-1.82 0.62,-0.68 1.67,-0.68 0.94,0 1.49,0.61 0.55,0.60 0.55,1.65 z m -0.77,-0.23 q -0.01,-0.63 -0.35,-1.00 -0.34,-0.38 -0.91,-0.38 -0.64,0 -1.03,0.36 -0.38,0.36 -0.44,1.02 z"/><path d="m -895.6,-890.5 h 1.98 v -4.05 h 0.77 v 4.67 h -6.26 v -4.67 h 0.77 v 4.05 h 1.97 v -4.05 h 0.77 z"/><path d="m -889.3,-889.4 q -0.33,0.83 -0.63,1.09 -0.31,0.25 -0.82,0.25 h -0.61 v -0.64 h 0.45 q 0.32,0 0.49,-0.15 0.17,-0.15 0.39,-0.71 l 0.14,-0.35 -1.89,-4.59 h 0.81 l 1.46,3.65 1.46,-3.65 h 0.81 z"/><path d="m -885.5,-892.0 v 1.54 h 1.09 q 0.53,0 0.80,-0.20 0.28,-0.20 0.28,-0.57 0,-0.38 -0.28,-0.57 -0.28,-0.20 -0.80,-0.20 z m 0,-1.90 v 1.29 h 1.01 q 0.43,0 0.71,-0.17 0.28,-0.17 0.28,-0.48 0,-0.31 -0.28,-0.47 -0.28,-0.17 -0.71,-0.17 z m -0.77,-0.61 h 1.82 q 0.82,0 1.26,0.30 0.44,0.30 0.44,0.85 0,0.43 -0.23,0.68 -0.23,0.25 -0.67,0.31 0.53,0.10 0.82,0.42 0.29,0.32 0.29,0.79 0,0.62 -0.48,0.97 -0.48,0.34 -1.37,0.34 h -1.90 z"/><path d="m -877.2,-894.5 v 4.67 h -0.77 v -4.05 h -2.49 v 4.05 h -0.77 v -4.67 z"/><path d="m -874.9,-890.6 v 2.48 h -0.77 v -6.44 h 0.77 v 0.71 q 0.24,-0.42 0.61,-0.62 0.37,-0.20 0.88,-0.20 0.85,0 1.38,0.68 0.53,0.68 0.53,1.77 0,1.10 -0.53,1.77 -0.53,0.68 -1.38,0.68 -0.51,0 -0.88,-0.20 -0.37,-0.20 -0.61,-0.62 z m 2.61,-1.63 q 0,-0.85 -0.35,-1.32 -0.35,-0.48 -0.95,-0.48 -0.61,0 -0.96,0.48 -0.35,0.48 -0.35,1.32 0,0.85 0.35,1.33 0.35,0.48 0.96,0.48 0.61,0 0.95,-0.48 0.35,-0.48 0.35,-1.33 z"/><path d="m -870.1,-890.9 h 0.88 v 1.06 h -0.88 z"/><path d="m -866.7,-890.6 v 2.48 h -0.77 v -6.44 h 0.77 v 0.71 q 0.24,-0.42 0.61,-0.62 0.37,-0.20 0.88,-0.20 0.85,0 1.38,0.68 0.53,0.68 0.53,1.77 0,1.10 -0.53,1.77 -0.53,0.68 -1.38,0.68 -0.51,0 -0.88,-0.20 -0.37,-0.20 -0.61,-0.62 z m 2.61,-1.63 q 0,-0.85 -0.35,-1.32 -0.35,-0.48 -0.95,-0.48 -0.61,0 -0.96,0.48 -0.35,0.48 -0.35,1.32 0,0.85 0.35,1.33 0.35,0.48 0.96,0.48 0.61,0 0.95,-0.48 0.35,-0.48 0.35,-1.33 z"/><path d="m -861.6,-892.2 q 0,0.98 0.30,1.40 0.30,0.41 0.82,0.41 0.41,0 0.88,-0.70 v -2.22 q -0.47,-0.70 -0.88,-0.70 -0.51,0 -0.82,0.42 -0.30,0.41 -0.30,1.39 z m 2,4.10 v -2.37 q -0.24,0.39 -0.51,0.55 -0.27,0.16 -0.62,0.16 -0.70,0 -1.18,-0.64 -0.48,-0.65 -0.48,-1.79 0,-1.15 0.48,-1.80 0.49,-0.66 1.18,-0.66 0.35,0 0.62,0.16 0.28,0.16 0.51,0.55 v -2.15 h 0.77 v 2.15 q 0.24,-0.39 0.51,-0.55 0.28,-0.16 0.62,-0.16 0.70,0 1.18,0.66 0.49,0.66 0.49,1.80 0,1.15 -0.49,1.79 -0.48,0.64 -1.18,0.64 -0.35,0 -0.62,-0.16 -0.27,-0.16 -0.51,-0.55 v 2.37 z m 2.77,-4.10 q 0,-0.98 -0.30,-1.39 -0.30,-0.42 -0.81,-0.42 -0.41,0 -0.88,0.70 v 2.22 q 0.47,0.70 0.88,0.70 0.51,0 0.81,-0.41 0.30,-0.42 0.30,-1.40 z"/></g></svg>

<!--File created and owned by https://sdamgia.ru. Copying is prohibited. All rights reserved.-->
